Webots Project File version R2021b
perspectives: 000000ff00000000fd0000000200000001000001240000027cfc0200000001fb0000001400540065007800740045006400690074006f007201000000160000027c0000003c00ffffff000000030000073d000000d8fc0100000001fb0000001a0043006f006e0073006f006c00650041006c006c0041006c006c01000000000000073d0000005400ffffff000006130000027c00000001000000020000000100000008fc00000000
simulationViewPerspectives: 000000ff000000010000000200000118000005130100000006010000000100
sceneTreePerspectives: 000000ff0000000100000002000000c0000000fc0100000006010000000200
maximizedDockId: -1
centralWidgetVisible: 1
orthographicViewHeight: 1
textFiles: -1
consoles: Console:All:All
renderingDevicePerspectives: blue_player_1:Camera;1;0.647917;0.671657;0
renderingDevicePerspectives: red_player_1:Camera;1;0.603125;0;0
